A_ORDER =                    3                                                  
B_ORDER =                    3                                                  
CTYPE1  = 'RA---TAN-SIP'                                                        
CTYPE2  = 'DEC--TAN-SIP'                                                        
A_0_0   =  -0.9178628972842167                                                  
B_0_0   =   0.3841225310842455                                                  
A_0_1   = 0.000363442505857771                                                  
B_0_1   = 0.000211782525384699                                                  
A_0_2   = 1.24979860439670E-07                                                  
B_0_2   = 1.74769367192848E-07                                                  
A_0_3   = -1.8343516020272E-11                                                  
B_0_3   = -2.6464703931398E-10                                                  
A_1_0   = 0.000599339626786180                                                  
B_1_0   = -0.00041628400751949                                                  
A_1_1   =   1.693414849463E-07                                                  
B_1_1   = 2.50643182625313E-07                                                  
A_1_2   = -3.2288097318130E-10                                                  
B_1_2   = -4.9176038288856E-11                                                  
A_2_0   = 4.69131411965306E-07                                                  
B_2_0   = 7.64212062509593E-08                                                  
A_2_1   = -6.3554012161424E-11                                                  
B_2_1   = -2.7534846186110E-10                                                  
A_3_0   = -3.9406276222487E-10                                                  
B_3_0   = -1.5499239370923E-11                                                  
CRPIX1  =                -42.0                                                  
CRPIX2  =                -28.0                                                  
OEXTNAME= 'CHIP3.INT1'         / Extname from ESO FITS file                     
COMMENT SIP polynomial fit to Libralato et al. 2014 distortion including CRPIX  