A_ORDER =                    3                                                  
B_ORDER =                    3                                                  
CTYPE1  = 'RA---TAN-SIP'                                                        
CTYPE2  = 'DEC--TAN-SIP'                                                        
A_0_0   =    1.132839026484542                                                  
B_0_0   =   0.5325918592317581                                                  
A_0_1   = -0.00057960148446166                                                  
B_0_1   = 0.000728866602652985                                                  
A_0_2   = 9.52734538467025E-08                                                  
B_0_2   = 1.27353535468407E-07                                                  
A_0_3   = -4.4656871397962E-13                                                  
B_0_3   = -2.4479778790132E-10                                                  
A_1_0   = 0.001180799041810671                                                  
B_1_0   = 0.000655982326853813                                                  
A_1_1   = -6.1605504420562E-08                                                  
B_1_1   = 1.01357278636531E-07                                                  
A_1_2   = -1.8806368096050E-10                                                  
B_1_2   = 3.58833048779649E-11                                                  
A_2_0   = 7.44061875552895E-08                                                  
B_2_0   = -3.5643567865854E-08                                                  
A_2_1   = -2.6364867975938E-11                                                  
B_2_1   = -1.4332271069172E-10                                                  
A_3_0   = -2.3496751263895E-10                                                  
B_3_0   = 1.04499071106303E-12                                                  
CRPIX1  =               2158.0                                                  
CRPIX2  =                -25.5                                                  
OEXTNAME= 'CHIP4.INT1'         / Extname from ESO FITS file                     
COMMENT SIP polynomial fit to Libralato et al. 2014 distortion including CRPIX  