A_ORDER =                    3                                                  
B_ORDER =                    3                                                  
CTYPE1  = 'RA---TAN-SIP'                                                        
CTYPE2  = 'DEC--TAN-SIP'                                                        
A_0_0   =    1.109221494352348                                                  
B_0_0   =  -0.3595058759997367                                                  
A_0_1   = 0.000650065867604641                                                  
B_0_1   = 0.000783538793196638                                                  
A_0_2   = 3.67784706913273E-09                                                  
B_0_2   = -7.6912184917869E-09                                                  
A_0_3   = -1.2765318647859E-11                                                  
B_0_3   = -2.1773798511642E-10                                                  
A_1_0   = 0.001079977613252834                                                  
B_1_0   = -0.00059643133654279                                                  
A_1_1   = 1.01857810917316E-08                                                  
B_1_1   = 1.25966090228091E-07                                                  
A_1_2   = -2.1990037808192E-10                                                  
B_1_2   = 9.21344369921499E-12                                                  
A_2_0   = 1.17111083070826E-07                                                  
B_2_0   = -2.4520911265222E-07                                                  
A_2_1   = -4.1141590834465E-11                                                  
B_2_1   = -2.1181739012744E-10                                                  
A_3_0   = -2.0590666797767E-10                                                  
B_3_0   = -6.0400092713190E-11                                                  
CRPIX1  =               2163.0                                                  
CRPIX2  =               2164.0                                                  
OEXTNAME= 'CHIP1.INT1'         / Extname from ESO FITS file                     
COMMENT SIP polynomial fit to Libralato et al. 2014 distortion including CRPIX  