A_ORDER =                    3                                                  
B_ORDER =                    3                                                  
CTYPE1  = 'RA---TAN-SIP'                                                        
CTYPE2  = 'DEC--TAN-SIP'                                                        
A_0_0   =  -0.9625253238094782                                                  
B_0_0   =  -0.8155166677133089                                                  
A_0_1   = -0.00041342699258499                                                  
B_0_1   = 0.000125905190947649                                                  
A_0_2   = 1.17502409596058E-07                                                  
B_0_2   = -1.9776548490147E-07                                                  
A_0_3   = 3.29871245083571E-11                                                  
B_0_3   = -2.5293734932678E-10                                                  
A_1_0   = 0.000571238063810037                                                  
B_1_0   = 0.000851791061973216                                                  
A_1_1   = -1.6195921541542E-07                                                  
B_1_1   = 2.69434753903696E-07                                                  
A_1_2   = -2.9194640129502E-10                                                  
B_1_2   = 7.52694039697355E-11                                                  
A_2_0   = 4.73828199229402E-07                                                  
B_2_0   = -2.0165328733904E-07                                                  
A_2_1   = 7.21755279052562E-11                                                  
B_2_1   = -2.5056151623912E-10                                                  
A_3_0   = -3.7244474483421E-10                                                  
B_3_0   = 4.75325417039998E-11                                                  
CRPIX1  =                -37.5                                                  
CRPIX2  =               2161.5                                                  
OEXTNAME= 'CHIP2.INT1'         / Extname from ESO FITS file                     
COMMENT SIP polynomial fit to Libralato et al. 2014 distortion including CRPIX  